# ----------------- SUPER NOT CENTERED C12 ---------------------------------





[d3] CHECKPOINT Step 431999: loss = 0.00108660 (0.001 sec) lr = 0.000156  bp = 0.0000  lp = 0.0000
Training Data Eval:
  Num examples: 27000  Num correct: 26965  Precision @ 1: 0.9987
Confusion matrix: 
[[  9.62900000e+03   2.00000000e+00   0]
 [  2.10000000e+01   9.66700000e+03   0]
 [  1.20000000e+01   0   7.66900000e+03]]
Labels count: 
[ 9662.  9669.  7669.]
Precision and recall matrix: 
[[ 0.99658456  0.99979234]
 [ 0.99979315  0.99783237]
 [ 1.          0.9984377 ]]
F1score matrix: 
[ 0.99818587  0.9988118   0.99921824]
Test Data Eval (accuracy):
  Num examples: 11223  Num correct: 11150  Precision @ 1: 0.9935
Test Data Eval (confmatr):
Confusion matrix: 
[[  3.93100000e+03   1.30000000e+01   5.00000000e+00]
 [  3.00000000e+01   3.96400000e+03   0]
 [  2.40000000e+01   1.00000000e+00   3.25500000e+03]]
Labels count: 
[ 3985.  3978.  3260.]
Precision and recall matrix: 
[[ 0.98644918  0.99544188]
 [ 0.99648064  0.99248873]
 [ 0.99846626  0.99237805]]
F1score matrix: 
[ 0.99092513  0.99448068  0.99541284]
Accuracy array: 
[ 0.99242627  0.99367371  0.9934955   0.9934955 ]







[c12] CHECKPOINT Step 543999: loss = 0.00002885 (0.002 sec) lr = 0.000156  bp = 0.0000  lp = 0.0000
Training Data Eval:
  Num examples: 34000  Num correct: 34000  Precision @ 1: 1.0000
Confusion matrix: 
[[ 2840.     0.     0.     0.     0.     0.     0.     0.     0.     0.      0.     0.]
 [    0.  2889.     0.     0.     0.     0.     0.     0.     0.     0.      0.     0.]
 [    0.     0.  2901.     0.     0.     0.     0.     0.     0.     0.      0.     0.]
 [    0.     0.     0.  2856.     0.     0.     0.     0.     0.     0.      0.     0.]
 [    0.     0.     0.     0.  2856.     0.     0.     0.     0.     0.      0.     0.]
 [    0.     0.     0.     0.     0.  2816.     0.     0.     0.     0.      0.     0.]
 [    0.     0.     0.     0.     0.     0.  2867.     0.     0.     0.      0.     0.]
 [    0.     0.     0.     0.     0.     0.     0.  2827.     0.     0.      0.     0.]
 [    0.     0.     0.     0.     0.     0.     0.     0.  2819.     0.      0.     0.]
 [    0.     0.     0.     0.     0.     0.     0.     0.     0.  2843.      0.     0.]
 [    0.     0.     0.     0.     0.     0.     0.     0.     0.     0.   2596.     0.]
 [    0.     0.     0.     0.     0.     0.     0.     0.     0.     0.      0.  2890.]]
Labels count: 
[ 2840.  2889.  2901.  2856.  2856.  2816.  2867.  2827.  2819.  2843.  2596.  2890.]
Precision and recall matrix: 
[[ 1.  1.]
 [ 1.  1.]
 [ 1.  1.]
 [ 1.  1.]
 [ 1.  1.]
 [ 1.  1.]
 [ 1.  1.]
 [ 1.  1.]
 [ 1.  1.]
 [ 1.  1.]
 [ 1.  1.]
 [ 1.  1.]]
F1score matrix: 
[ 1.  1.  1.  1.  1.  1.  1.  1.  1.  1.  1.  1.]
Test Data Eval (accuracy):
  Num examples: 13600  Num correct: 13596  Precision @ 1: 0.9997
Test Data Eval (confmatr):
Confusion matrix: 
[[  1.6000000e+03   0   0   0    0   0   0   1.00000000e+00    0   0   0   0]
 [  0   1.11000000e+03   0   0    0   0   0   0    0   0   0   0]
 [  0   0   1.09900000e+03   0    0   0   0   1.00000000e+00    0   0   0   0]
 [  0   0   0   1.14300000e+03    0   0   0   0    0   0   0   0]
 [  0   1.00000000e+00   0   0    1.14400000e+03   0   0   0    0   0   0   0]
 [  0   0   0   0    0   1.18400000e+03   0   0    0   0   0   0]
 [  0   0   0   0    0   0   1.13300000e+03   0    0   0   0   0]
 [  0   0   0   0    0   0   0   1.17100000e+03    0   0   0   0]
 [  0   0   0   0    0   0   0   0    1.18100000e+03   0   0   0]
 [  0   0   0   0    0   0   0   0    0   1.15700000e+03   0   0]
 [  0   0   0   0    0   0   0   0    0   0   1.00400000e+03   0]
 [  0   0   0   1.00000000e+00    0   0   0   0    0   0   0   1.11000000e+03]]
Labels count: 
[ 1160.  1111.  1099.  1144.  1144.  1184.  1133.  1173.  1181.  1157.  1004.  1110.]
Precision and recall matrix: 
[[ 1.          0.99913867]
 [ 0.99909991  1.        ]
 [ 1.          0.99909091]
 [ 0.99912587  1.        ]
 [ 1.          0.99912664]
 [ 1.          1.        ]
 [ 1.          1.        ]
 [ 0.99829497  1.        ]
 [ 1.          1.        ]
 [ 1.          1.        ]
 [ 1.          1.        ]
 [ 1.          0.99909991]]
F1score matrix: 
[ 0.99956915  0.99954975  0.99954525  0.99956275  0.99956313  1.  1.  0.99914676  1.          1.          1.          0.99954975]
Test #3 ended








Оценка детектора сравнение масок:

Charmap accuracy: 
0.6684828504612187
Charmap accuracy pixels: 164650 of 246304
Charmap confmatr: 
[[ 164640.       0.]
 [  45027.   36637.]]
Charmap precision
[ 1.          0.44863098]
Charmap recall
[ 0.78524517  1.        ]
Charmap F1 score
[ 0.8797057   0.61938614]







Без детектора и сегментатора

LEVENSTEIN:
33
131
STR res:
82050661 1 P243 821 334030 82050662 1 P043 881 47340 82050663 1 P043 821 496013 82050664 1 P043 001 32225 82056665 8 P043 828 2321012 82050666 1 P543 821 713639 82050667 1 P543 801 47700 82050668 1 P543 801 231672
STR y:
82050661 1 P043 001 35880 82050662 1 P043 001 47840 82050663 1 P043 001 49613 82050664 1 P043 001 52005 82050665 8 P043 008 232112 82050666 1 P043 001 71395 82050667 1 P043 001 47700 82050668 1 P043 001 28170
Test ended







C детектором но с без сегментатора
LEVENSTEIN:
41
131
STR res:
82050661 1 P243 821 333030 82050662 1 P043 821 47340 82050663 1 P043 821 496613 82050664 1 P043 821 32225 82056665 P043 8 828 1321612 82050666 1 P543 821 713633 82050667 1 P043 821 47700 82050669 1 P943 821 231670
STR y:
82050661 1 P043 001 35880 82050662 1 P043 001 47840 82050663 1 P043 001 49613 82050664 1 P043 001 52005 82050665 8 P043 008 232112 82050666 1 P043 001 71395 82050667 1 P043 001 47700 82050668 1 P043 001 28170
Test ended





Без детектора но с сегментатором

LEVENSTEIN:
45
131
STR res:
32050641  4243 021 33830 42050662 0 4043 801 47840 82050663 7 P043 821 49613 32050664  P043 021 32205 82056665 8 P243 823 832112 32050666 7 P543 5210 71335 32050667 7 P043 821 47720 82050669 7 P943 831 13170
STR y:
82050661 1 P043 001 35880 82050662 1 P043 001 47840 82050663 1 P043 001 49613 82050664 1 P043 001 52005 82050665 8 P043 008 232112 82050666 1 P043 001 71395 82050667 1 P043 001 47700 82050668 1 P043 001 28170
Test ended



С детектором и сегментатором

LEVENSTEIN:
46
131
STR res:
82050641 2 P543 021 338305 42050662 7 P043 01 47840 82050663 7 P043 821 496330 32050664 0 P043 5211 32205 82056665 P043 7 823 232112 82050666 7 P543 5212 71333 82050667 7 P043 821 47700 82050669 7 P943 831 13170
STR y:
82050661 1 P043 001 35880 82050662 1 P043 001 47840 82050663 1 P043 001 49613 82050664 1 P043 001 52005 82050665 8 P043 008 232112 82050666 1 P043 001 71395 82050667 1 P043 001 47700 82050668 1 P043 001 28170
Test ended










82050662 86~3
'82050662 
82050663 
82050664 v ~. ~28,4.
82050665 
82050666 
82050667 
82050668 8v43 ес
083 03 ,0 8 70'














